72,52
72,51
72,50
72,49
72,48
72,47
72,46
72,45
72,44
72,43
72,42
72,41
72,40
72,39
72,38
72,37
72,36
72,35
72,34
72,33
72,32
72,31
72,30
72,29
72,28
72,27
72,26
72,25
72,24
72,23
72,22
72,21
72,20
72,19
72,18
72,17
72,16
72,15
72,14
72,13
72,12
72,11
72,10
72,9
72,8
72,7
72,6
72,5
72,4
72,3
72,2
72,0
0,888
0,802
0,561
0,453
0,452
0,220
0,899
0,780
0,660
0,554
0,451
0,450
0,219
0,1020
0,875
0,870
0,558
0,449
0,448
0,218
0,1032
0,781
0,671
0,670
0,526
0,291
0,400
0,217
0,1033
0,784
0,717
0,667
0,563
0,447
0,399
0,216
0,436
0,884
0,749
0,716
0,550
0,323
0,1044
0,215
0,1019
0,878
0,722
0,673
0,524
0,397
0,396
0,214
0,1018
0,1017
0,989
0,879
0,525
0,382
0,395
0,213
0,988
0,824
0,707
0,521
0,335
0,321
0,212
0,1031
0,901
0,813
0,803
0,568
0,320
0,446
0,211
0,917
0,799
0,672
0,536
0,322
0,394
0,210
0,987
0,913
0,706
0,385
0,310
0,393
0,209
0,903
0,882
0,677
0,523
0,307
0,511
0,208
0,883
0,863
0,664
0,534
0,445
0,207
0,890
0,825
0,750
0,529
0,509
0,444
0,206
0,865
0,857
0,698
0,594
0,508
0,205
0,985
0,963
0,940
0,895
0,852
0,531
0,527
0,380
0,1077
0,311
0,204
0,967
0,862
0,830
0,804
0,675
0,638
0,567
0,522
0,376
0,390
0,356
0,203
0,1028
0,1023
0,984
0,930
0,874
0,782
0,699
0,551
0,373
0,370
0,1046
0,384
0,202
0,933
0,834
0,806
0,669
0,665
0,637
0,540
0,372
0,371
0,309
0,1076
0,201
0,306
0,986
0,906
0,902
0,826
0,759
0,758
0,532
0,365
0,344
0,334
0,1080
0,200
0,1070
0,827
0,769
0,704
0,680
0,652
0,636
0,520
0,379
0,363
0,305
0,1079
0,199
0,946
0,850
0,822
0,688
0,679
0,635
0,518
0,362
0,345
0,303
0,1075
0,198
0,983
0,944
0,823
0,816
0,811
0,752
